{"utc_timestamp_ns":-1,"tracking_timestamp_us":149302610,"ReadoutTimesSec":[[2,0.004999999888241291]],"ImuCalibrations":[{"Calibrated":true,"Gyroscope":{"TimeOffsetSec_Device_Gyro":0.0036157367285341024,"Bias":{"Name":"Constant","Offset":[-0.0012970289516263803,0.002953572123557065,0.00350498725552335]},"Model":{"Name":"LinearGSensitivity","RectificationMatrix":[[1.0003304481506348,0.004870978649705648,-0.0005175118567422032],[-0.004131023772060871,0.9995405673980713,-0.003443994792178273],[-0.0025242504198104143,0.0005894152563996613,1.005303144454956]],"GSensitivityMatrix":[[0,0,0],[0,0,0],[0,0,0]]}},"Accelerometer":{"TimeOffsetSec_Device_Accel":0.0021834971848875284,"Bias":{"Name":"Constant","Offset":[-0.005051062142746363,-0.028474883417712323,-0.03325442496950716]},"Model":{"Name":"UpperTriagonalLinear","RectificationMatrix":[[1.0014649629592896,0.0014843191020190716,0.0010313611710444093],[0,0.9920408129692078,-0.00045088824117556214],[0,0,1.0065778493881226]]}},"T_Device_Imu":{"Translation":[0.006281175205302686,-0.10135887560212013,-0.0866920199839368],"UnitQuaternion":[0.6259079560890172,[-0.7731485948099213,-0.08287173087844618,0.060106214895994485]]},"SerialNumber":"","Label":"imu-right"},{"Calibrated":true,"Gyroscope":{"TimeOffsetSec_Device_Gyro":0.0012353562051430345,"Bias":{"Name":"Constant","Offset":[0.0019123276159924577,-0.0030621811392134097,0.006733166174297671]},"Model":{"Name":"LinearGSensitivity","RectificationMatrix":[[1.002886414527893,-0.0023975037038326263,-0.010082192718982697],[-0.0004530993464868516,1.0023852586746216,-0.00929943472146988],[0.0012675445759668946,0.00988964643329382,0.9820650815963745]],"GSensitivityMatrix":[[0,0,0],[0,0,0],[0,0,0]]}},"Accelerometer":{"TimeOffsetSec_Device_Accel":0.0003295539936516434,"Bias":{"Name":"Constant","Offset":[0.24581917685791577,0.0947902154869347,0.040712681186116505]},"Model":{"Name":"UpperTriagonalLinear","RectificationMatrix":[[0.996954083442688,-0.00015664234524592757,-0.002893240423873067],[0,0.9943320155143738,-0.008966510184109211],[0,0,1.0063331127166748]]}},"T_Device_Imu":{"Translation":[0.0007596460006978265,0.00044398016293316356,-0.005983559577848241],"UnitQuaternion":[0.02427974987162658,[-0.7018070368823661,-0.7110559753726131,0.03573201107503593]]},"SerialNumber":"","Label":"imu-left"}],"ImageSizes":[[640,480],[640,480],[1408,1408]],"CameraCalibrations":[{"Calibrated":true,"Projection":{"Params":[242.11708068847656,320.13153076171875,241.91163635253906,-0.028203224763274193,0.10392550379037857,-0.07162030041217804,0.011307119391858578,0.0016838924493640661,-0.00046278760419227183,0.0014474240597337484,0.0005256077856756747,-0.002205250784754753,0.000014416631529456936,0.00007572864706162363,0.0005642975447699428],"Description":"see FisheyeRadTanThinPrism.h","Name":"FisheyeRadTanThinPrism"},"T_Device_Camera":{"Translation":[0.0004100817157705536,0.0016744963969232557,-0.0027908874334851286],"UnitQuaternion":[0.9999894842054404,[0.004148791955360089,-0.0019474408062105358,-0.00016272109431038784]]},"SerialNumber":"0072510f1b2100050300001812090001","Label":"camera-slam-left"},{"Calibrated":true,"Projection":{"Params":[242.1449432373047,319.8503112792969,240.62332153320312,-0.026106541976332664,0.10230667889118195,-0.06913664937019348,0.007822150364518166,0.0036912725772708654,-0.000831632234621793,0.001125740702264011,0.000556834798771888,-0.001451771822758019,-0.0006111650145612657,0.00041713585960678756,0.00007681735587539151],"Description":"see FisheyeRadTanThinPrism.h","Name":"FisheyeRadTanThinPrism"},"T_Device_Camera":{"Translation":[0.006733015422092183,-0.10676758603133091,-0.08595056484180408],"UnitQuaternion":[0.7772055832969887,[0.6279204675851024,-0.00012578779711370125,0.040833220019049134]]},"SerialNumber":"0072510f1b210405050000130a0f0001","Label":"camera-slam-right"},{"TimeOffsetSec_Device_Camera":-0.002499999,"Calibrated":true,"Projection":{"Params":[609.0993041992188,714.49365234375,705.4052124023438,0.4153491258621216,-0.46660879254341125,0.0394107960164547,1.304983139038086,-1.7682749032974243,0.6525987982749939,0.00007804521010257304,0.0006019965512678027,-0.0011151430662721395,0.0006172532448545098,-0.00233874237164855,0.0016606695717200637],"Description":"see FisheyeRadTanThinPrism.h","Name":"FisheyeRadTanThinPrism"},"T_Device_Camera":{"Translation":[-0.004422292398892606,-0.013187762247850052,-0.0038855180005876594],"UnitQuaternion":[0.9411611597255661,[0.3335689602188102,0.0339853373462576,0.042336946607313145]]},"SerialNumber":"0450577b730401974401100000000000","Label":"camera-rgb"}]}
{"utc_timestamp_ns":-1,"tracking_timestamp_us":149402610,"ReadoutTimesSec":[[2,0.004999999888241291]],"ImuCalibrations":[{"Calibrated":true,"Gyroscope":{"TimeOffsetSec_Device_Gyro":0.0036157367285341024,"Bias":{"Name":"Constant","Offset":[-0.0012970289516263803,0.002953572123557065,0.00350498725552335]},"Model":{"Name":"LinearGSensitivity","RectificationMatrix":[[1.0003304481506348,0.004870978649705648,-0.0005175118567422032],[-0.004131023772060871,0.9995405673980713,-0.003443994792178273],[-0.0025242504198104143,0.0005894152563996613,1.005303144454956]],"GSensitivityMatrix":[[0,0,0],[0,0,0],[0,0,0]]}},"Accelerometer":{"TimeOffsetSec_Device_Accel":0.0021834971848875284,"Bias":{"Name":"Constant","Offset":[-0.005051062142746363,-0.028474883417712323,-0.03325442496950716]},"Model":{"Name":"UpperTriagonalLinear","RectificationMatrix":[[1.0014649629592896,0.0014843191020190716,0.0010313611710444093],[0,0.9920408129692078,-0.00045088824117556214],[0,0,1.0065778493881226]]}},"T_Device_Imu":{"Translation":[0.006281175205302686,-0.10135887560212013,-0.0866920199839368],"UnitQuaternion":[0.6259079560890172,[-0.7731485948099213,-0.08287173087844618,0.060106214895994485]]},"SerialNumber":"","Label":"imu-right"},{"Calibrated":true,"Gyroscope":{"TimeOffsetSec_Device_Gyro":0.0012353562051430345,"Bias":{"Name":"Constant","Offset":[0.0019123276159924577,-0.0030621811392134097,0.006733166174297671]},"Model":{"Name":"LinearGSensitivity","RectificationMatrix":[[1.002886414527893,-0.0023975037038326263,-0.010082192718982697],[-0.0004530993464868516,1.0023852586746216,-0.00929943472146988],[0.0012675445759668946,0.00988964643329382,0.9820650815963745]],"GSensitivityMatrix":[[0,0,0],[0,0,0],[0,0,0]]}},"Accelerometer":{"TimeOffsetSec_Device_Accel":0.0003295539936516434,"Bias":{"Name":"Constant","Offset":[0.24581917685791577,0.0947902154869347,0.040712681186116505]},"Model":{"Name":"UpperTriagonalLinear","RectificationMatrix":[[0.996954083442688,-0.00015664234524592757,-0.002893240423873067],[0,0.9943320155143738,-0.008966510184109211],[0,0,1.0063331127166748]]}},"T_Device_Imu":{"Translation":[0.0007596460006978265,0.00044398016293316356,-0.005983559577848241],"UnitQuaternion":[0.02427974987162658,[-0.7018070368823661,-0.7110559753726131,0.03573201107503593]]},"SerialNumber":"","Label":"imu-left"}],"ImageSizes":[[640,480],[640,480],[1408,1408]],"CameraCalibrations":[{"Calibrated":true,"Projection":{"Params":[242.11708068847656,320.13153076171875,241.91163635253906,-0.028203224763274193,0.10392550379037857,-0.07162030041217804,0.011307119391858578,0.0016838924493640661,-0.00046278760419227183,0.0014474240597337484,0.0005256077856756747,-0.002205250784754753,0.000014416631529456936,0.00007572864706162363,0.0005642975447699428],"Description":"see FisheyeRadTanThinPrism.h","Name":"FisheyeRadTanThinPrism"},"T_Device_Camera":{"Translation":[0.0004100817157705536,0.0016744963969232557,-0.0027908874334851286],"UnitQuaternion":[0.9999894842054404,[0.004148791955360089,-0.0019474408062105358,-0.00016272109431038784]]},"SerialNumber":"0072510f1b2100050300001812090001","Label":"camera-slam-left"},{"Calibrated":true,"Projection":{"Params":[242.1449432373047,319.8503112792969,240.62332153320312,-0.026106541976332664,0.10230667889118195,-0.06913664937019348,0.007822150364518166,0.0036912725772708654,-0.000831632234621793,0.001125740702264011,0.000556834798771888,-0.001451771822758019,-0.0006111650145612657,0.00041713585960678756,0.00007681735587539151],"Description":"see FisheyeRadTanThinPrism.h","Name":"FisheyeRadTanThinPrism"},"T_Device_Camera":{"Translation":[0.006733015422092183,-0.10676758603133091,-0.08595056484180408],"UnitQuaternion":[0.7772055832969887,[0.6279204675851024,-0.00012578779711370125,0.040833220019049134]]},"SerialNumber":"0072510f1b210405050000130a0f0001","Label":"camera-slam-right"},{"TimeOffsetSec_Device_Camera":-0.002499999,"Calibrated":true,"Projection":{"Params":[609.0993041992188,714.49365234375,705.4052124023438,0.4153491258621216,-0.46660879254341125,0.0394107960164547,1.304983139038086,-1.7682749032974243,0.6525987982749939,0.00007804521010257304,0.0006019965512678027,-0.0011151430662721395,0.0006172532448545098,-0.00233874237164855,0.0016606695717200637],"Description":"see FisheyeRadTanThinPrism.h","Name":"FisheyeRadTanThinPrism"},"T_Device_Camera":{"Translation":[-0.004422292398892606,-0.013187762247850052,-0.0038855180005876594],"UnitQuaternion":[0.9411611597255661,[0.3335689602188102,0.0339853373462576,0.042336946607313145]]},"SerialNumber":"0450577b730401974401100000000000","Label":"camera-rgb"}]}
{"utc_timestamp_ns":-1,"tracking_timestamp_us":149502610,"ReadoutTimesSec":[[2,0.004999999888241291]],"ImuCalibrations":[{"Calibrated":true,"Gyroscope":{"TimeOffsetSec_Device_Gyro":0.0036157367285341024,"Bias":{"Name":"Constant","Offset":[-0.0012970289516263803,0.002953572123557065,0.00350498725552335]},"Model":{"Name":"LinearGSensitivity","RectificationMatrix":[[1.0003304481506348,0.004870978649705648,-0.0005175118567422032],[-0.004131023772060871,0.9995405673980713,-0.003443994792178273],[-0.0025242504198104143,0.0005894152563996613,1.005303144454956]],"GSensitivityMatrix":[[0,0,0],[0,0,0],[0,0,0]]}},"Accelerometer":{"TimeOffsetSec_Device_Accel":0.0021834971848875284,"Bias":{"Name":"Constant","Offset":[-0.005051062142746363,-0.028474883417712323,-0.03325442496950716]},"Model":{"Name":"UpperTriagonalLinear","RectificationMatrix":[[1.0014649629592896,0.0014843191020190716,0.0010313611710444093],[0,0.9920408129692078,-0.00045088824117556214],[0,0,1.0065778493881226]]}},"T_Device_Imu":{"Translation":[0.006281175205302686,-0.10135887560212013,-0.0866920199839368],"UnitQuaternion":[0.6259079560890172,[-0.7731485948099213,-0.08287173087844618,0.060106214895994485]]},"SerialNumber":"","Label":"imu-right"},{"Calibrated":true,"Gyroscope":{"TimeOffsetSec_Device_Gyro":0.0012353562051430345,"Bias":{"Name":"Constant","Offset":[0.0019123276159924577,-0.0030621811392134097,0.006733166174297671]},"Model":{"Name":"LinearGSensitivity","RectificationMatrix":[[1.002886414527893,-0.0023975037038326263,-0.010082192718982697],[-0.0004530993464868516,1.0023852586746216,-0.00929943472146988],[0.0012675445759668946,0.00988964643329382,0.9820650815963745]],"GSensitivityMatrix":[[0,0,0],[0,0,0],[0,0,0]]}},"Accelerometer":{"TimeOffsetSec_Device_Accel":0.0003295539936516434,"Bias":{"Name":"Constant","Offset":[0.24581917685791577,0.0947902154869347,0.040712681186116505]},"Model":{"Name":"UpperTriagonalLinear","RectificationMatrix":[[0.996954083442688,-0.00015664234524592757,-0.002893240423873067],[0,0.9943320155143738,-0.008966510184109211],[0,0,1.0063331127166748]]}},"T_Device_Imu":{"Translation":[0.0007596460006978265,0.00044398016293316356,-0.005983559577848241],"UnitQuaternion":[0.02427974987162658,[-0.7018070368823661,-0.7110559753726131,0.03573201107503593]]},"SerialNumber":"","Label":"imu-left"}],"ImageSizes":[[640,480],[640,480],[1408,1408]],"CameraCalibrations":[{"Calibrated":true,"Projection":{"Params":[242.11708068847656,320.13153076171875,241.91163635253906,-0.028203224763274193,0.10392550379037857,-0.07162030041217804,0.011307119391858578,0.0016838924493640661,-0.00046278760419227183,0.0014474240597337484,0.0005256077856756747,-0.002205250784754753,0.000014416631529456936,0.00007572864706162363,0.0005642975447699428],"Description":"see FisheyeRadTanThinPrism.h","Name":"FisheyeRadTanThinPrism"},"T_Device_Camera":{"Translation":[0.0004100817157705536,0.0016744963969232557,-0.0027908874334851286],"UnitQuaternion":[0.9999894842054404,[0.004148791955360089,-0.0019474408062105358,-0.00016272109431038784]]},"SerialNumber":"0072510f1b2100050300001812090001","Label":"camera-slam-left"},{"Calibrated":true,"Projection":{"Params":[242.1449432373047,319.8503112792969,240.62332153320312,-0.026106541976332664,0.10230667889118195,-0.06913664937019348,0.007822150364518166,0.0036912725772708654,-0.000831632234621793,0.001125740702264011,0.000556834798771888,-0.001451771822758019,-0.0006111650145612657,0.00041713585960678756,0.00007681735587539151],"Description":"see FisheyeRadTanThinPrism.h","Name":"FisheyeRadTanThinPrism"},"T_Device_Camera":{"Translation":[0.006733015422092183,-0.10676758603133091,-0.08595056484180408],"UnitQuaternion":[0.7772055832969887,[0.6279204675851024,-0.00012578779711370125,0.040833220019049134]]},"SerialNumber":"0072510f1b210405050000130a0f0001","Label":"camera-slam-right"},{"TimeOffsetSec_Device_Camera":-0.002499999,"Calibrated":true,"Projection":{"Params":[609.0993041992188,714.49365234375,705.4052124023438,0.4153491258621216,-0.46660879254341125,0.0394107960164547,1.304983139038086,-1.7682749032974243,0.6525987982749939,0.00007804521010257304,0.0006019965512678027,-0.0011151430662721395,0.0006172532448545098,-0.00233874237164855,0.0016606695717200637],"Description":"see FisheyeRadTanThinPrism.h","Name":"FisheyeRadTanThinPrism"},"T_Device_Camera":{"Translation":[-0.004422292398892606,-0.013187762247850052,-0.0038855180005876594],"UnitQuaternion":[0.9411611597255661,[0.3335689602188102,0.0339853373462576,0.042336946607313145]]},"SerialNumber":"0450577b730401974401100000000000","Label":"camera-rgb"}]}
{"utc_timestamp_ns":-1,"tracking_timestamp_us":149602610,"ReadoutTimesSec":[[2,0.004999999888241291]],"ImuCalibrations":[{"Calibrated":true,"Gyroscope":{"TimeOffsetSec_Device_Gyro":0.0036157367285341024,"Bias":{"Name":"Constant","Offset":[-0.0012970289516263803,0.002953572123557065,0.00350498725552335]},"Model":{"Name":"LinearGSensitivity","RectificationMatrix":[[1.0003304481506348,0.004870978649705648,-0.0005175118567422032],[-0.004131023772060871,0.9995405673980713,-0.003443994792178273],[-0.0025242504198104143,0.0005894152563996613,1.005303144454956]],"GSensitivityMatrix":[[0,0,0],[0,0,0],[0,0,0]]}},"Accelerometer":{"TimeOffsetSec_Device_Accel":0.0021834971848875284,"Bias":{"Name":"Constant","Offset":[-0.005051062142746363,-0.028474883417712323,-0.03325442496950716]},"Model":{"Name":"UpperTriagonalLinear","RectificationMatrix":[[1.0014649629592896,0.0014843191020190716,0.0010313611710444093],[0,0.9920408129692078,-0.00045088824117556214],[0,0,1.0065778493881226]]}},"T_Device_Imu":{"Translation":[0.006281175205302686,-0.10135887560212013,-0.0866920199839368],"UnitQuaternion":[0.6259079560890172,[-0.7731485948099213,-0.08287173087844618,0.060106214895994485]]},"SerialNumber":"","Label":"imu-right"},{"Calibrated":true,"Gyroscope":{"TimeOffsetSec_Device_Gyro":0.0012353562051430345,"Bias":{"Name":"Constant","Offset":[0.0019123276159924577,-0.0030621811392134097,0.006733166174297671]},"Model":{"Name":"LinearGSensitivity","RectificationMatrix":[[1.002886414527893,-0.0023975037038326263,-0.010082192718982697],[-0.0004530993464868516,1.0023852586746216,-0.00929943472146988],[0.0012675445759668946,0.00988964643329382,0.9820650815963745]],"GSensitivityMatrix":[[0,0,0],[0,0,0],[0,0,0]]}},"Accelerometer":{"TimeOffsetSec_Device_Accel":0.0003295539936516434,"Bias":{"Name":"Constant","Offset":[0.24581917685791577,0.0947902154869347,0.040712681186116505]},"Model":{"Name":"UpperTriagonalLinear","RectificationMatrix":[[0.996954083442688,-0.00015664234524592757,-0.002893240423873067],[0,0.9943320155143738,-0.008966510184109211],[0,0,1.0063331127166748]]}},"T_Device_Imu":{"Translation":[0.0007596460006978265,0.00044398016293316356,-0.005983559577848241],"UnitQuaternion":[0.02427974987162658,[-0.7018070368823661,-0.7110559753726131,0.03573201107503593]]},"SerialNumber":"","Label":"imu-left"}],"ImageSizes":[[640,480],[640,480],[1408,1408]],"CameraCalibrations":[{"Calibrated":true,"Projection":{"Params":[242.11708068847656,320.13153076171875,241.91163635253906,-0.028203224763274193,0.10392550379037857,-0.07162030041217804,0.011307119391858578,0.0016838924493640661,-0.00046278760419227183,0.0014474240597337484,0.0005256077856756747,-0.002205250784754753,0.000014416631529456936,0.00007572864706162363,0.0005642975447699428],"Description":"see FisheyeRadTanThinPrism.h","Name":"FisheyeRadTanThinPrism"},"T_Device_Camera":{"Translation":[0.0004100817157705536,0.0016744963969232557,-0.0027908874334851286],"UnitQuaternion":[0.9999894842054404,[0.004148791955360089,-0.0019474408062105358,-0.00016272109431038784]]},"SerialNumber":"0072510f1b2100050300001812090001","Label":"camera-slam-left"},{"Calibrated":true,"Projection":{"Params":[242.1449432373047,319.8503112792969,240.62332153320312,-0.026106541976332664,0.10230667889118195,-0.06913664937019348,0.007822150364518166,0.0036912725772708654,-0.000831632234621793,0.001125740702264011,0.000556834798771888,-0.001451771822758019,-0.0006111650145612657,0.00041713585960678756,0.00007681735587539151],"Description":"see FisheyeRadTanThinPrism.h","Name":"FisheyeRadTanThinPrism"},"T_Device_Camera":{"Translation":[0.006733015422092183,-0.10676758603133091,-0.08595056484180408],"UnitQuaternion":[0.7772055832969887,[0.6279204675851024,-0.00012578779711370125,0.040833220019049134]]},"SerialNumber":"0072510f1b210405050000130a0f0001","Label":"camera-slam-right"},{"TimeOffsetSec_Device_Camera":-0.002499999,"Calibrated":true,"Projection":{"Params":[609.0993041992188,714.49365234375,705.4052124023438,0.4153491258621216,-0.46660879254341125,0.0394107960164547,1.304983139038086,-1.7682749032974243,0.6525987982749939,0.00007804521010257304,0.0006019965512678027,-0.0011151430662721395,0.0006172532448545098,-0.00233874237164855,0.0016606695717200637],"Description":"see FisheyeRadTanThinPrism.h","Name":"FisheyeRadTanThinPrism"},"T_Device_Camera":{"Translation":[-0.004422292398892606,-0.013187762247850052,-0.0038855180005876594],"UnitQuaternion":[0.9411611597255661,[0.3335689602188102,0.0339853373462576,0.042336946607313145]]},"SerialNumber":"0450577b730401974401100000000000","Label":"camera-rgb"}]}
{"utc_timestamp_ns":-1,"tracking_timestamp_us":149702610,"ReadoutTimesSec":[[2,0.004999999888241291]],"ImuCalibrations":[{"Calibrated":true,"Gyroscope":{"TimeOffsetSec_Device_Gyro":0.0036157367285341024,"Bias":{"Name":"Constant","Offset":[-0.0012970289516263803,0.002953572123557065,0.00350498725552335]},"Model":{"Name":"LinearGSensitivity","RectificationMatrix":[[1.0003304481506348,0.004870978649705648,-0.0005175118567422032],[-0.004131023772060871,0.9995405673980713,-0.003443994792178273],[-0.0025242504198104143,0.0005894152563996613,1.005303144454956]],"GSensitivityMatrix":[[0,0,0],[0,0,0],[0,0,0]]}},"Accelerometer":{"TimeOffsetSec_Device_Accel":0.0021834971848875284,"Bias":{"Name":"Constant","Offset":[-0.005051062142746363,-0.028474883417712323,-0.03325442496950716]},"Model":{"Name":"UpperTriagonalLinear","RectificationMatrix":[[1.0014649629592896,0.0014843191020190716,0.0010313611710444093],[0,0.9920408129692078,-0.00045088824117556214],[0,0,1.0065778493881226]]}},"T_Device_Imu":{"Translation":[0.006281175205302686,-0.10135887560212013,-0.0866920199839368],"UnitQuaternion":[0.6259079560890172,[-0.7731485948099213,-0.08287173087844618,0.060106214895994485]]},"SerialNumber":"","Label":"imu-right"},{"Calibrated":true,"Gyroscope":{"TimeOffsetSec_Device_Gyro":0.0012353562051430345,"Bias":{"Name":"Constant","Offset":[0.0019123276159924577,-0.0030621811392134097,0.006733166174297671]},"Model":{"Name":"LinearGSensitivity","RectificationMatrix":[[1.002886414527893,-0.0023975037038326263,-0.010082192718982697],[-0.0004530993464868516,1.0023852586746216,-0.00929943472146988],[0.0012675445759668946,0.00988964643329382,0.9820650815963745]],"GSensitivityMatrix":[[0,0,0],[0,0,0],[0,0,0]]}},"Accelerometer":{"TimeOffsetSec_Device_Accel":0.0003295539936516434,"Bias":{"Name":"Constant","Offset":[0.24581917685791577,0.0947902154869347,0.040712681186116505]},"Model":{"Name":"UpperTriagonalLinear","RectificationMatrix":[[0.996954083442688,-0.00015664234524592757,-0.002893240423873067],[0,0.9943320155143738,-0.008966510184109211],[0,0,1.0063331127166748]]}},"T_Device_Imu":{"Translation":[0.0007596460006978265,0.00044398016293316356,-0.005983559577848241],"UnitQuaternion":[0.02427974987162658,[-0.7018070368823661,-0.7110559753726131,0.03573201107503593]]},"SerialNumber":"","Label":"imu-left"}],"ImageSizes":[[640,480],[640,480],[1408,1408]],"CameraCalibrations":[{"Calibrated":true,"Projection":{"Params":[242.11708068847656,320.13153076171875,241.91163635253906,-0.028203224763274193,0.10392550379037857,-0.07162030041217804,0.011307119391858578,0.0016838924493640661,-0.00046278760419227183,0.0014474240597337484,0.0005256077856756747,-0.002205250784754753,0.000014416631529456936,0.00007572864706162363,0.0005642975447699428],"Description":"see FisheyeRadTanThinPrism.h","Name":"FisheyeRadTanThinPrism"},"T_Device_Camera":{"Translation":[0.0004100817157705536,0.0016744963969232557,-0.0027908874334851286],"UnitQuaternion":[0.9999894842054404,[0.004148791955360089,-0.0019474408062105358,-0.00016272109431038784]]},"SerialNumber":"0072510f1b2100050300001812090001","Label":"camera-slam-left"},{"Calibrated":true,"Projection":{"Params":[242.1449432373047,319.8503112792969,240.62332153320312,-0.026106541976332664,0.10230667889118195,-0.06913664937019348,0.007822150364518166,0.0036912725772708654,-0.000831632234621793,0.001125740702264011,0.000556834798771888,-0.001451771822758019,-0.0006111650145612657,0.00041713585960678756,0.00007681735587539151],"Description":"see FisheyeRadTanThinPrism.h","Name":"FisheyeRadTanThinPrism"},"T_Device_Camera":{"Translation":[0.006733015422092183,-0.10676758603133091,-0.08595056484180408],"UnitQuaternion":[0.7772055832969887,[0.6279204675851024,-0.00012578779711370125,0.040833220019049134]]},"SerialNumber":"0072510f1b210405050000130a0f0001","Label":"camera-slam-right"},{"TimeOffsetSec_Device_Camera":-0.002499999,"Calibrated":true,"Projection":{"Params":[609.0993041992188,714.49365234375,705.4052124023438,0.4153491258621216,-0.46660879254341125,0.0394107960164547,1.304983139038086,-1.7682749032974243,0.6525987982749939,0.00007804521010257304,0.0006019965512678027,-0.0011151430662721395,0.0006172532448545098,-0.00233874237164855,0.0016606695717200637],"Description":"see FisheyeRadTanThinPrism.h","Name":"FisheyeRadTanThinPrism"},"T_Device_Camera":{"Translation":[-0.004422292398892606,-0.013187762247850052,-0.0038855180005876594],"UnitQuaternion":[0.9411611597255661,[0.3335689602188102,0.0339853373462576,0.042336946607313145]]},"SerialNumber":"0450577b730401974401100000000000","Label":"camera-rgb"}]}
{"utc_timestamp_ns":-1,"tracking_timestamp_us":149802610,"ReadoutTimesSec":[[2,0.004999999888241291]],"ImuCalibrations":[{"Calibrated":true,"Gyroscope":{"TimeOffsetSec_Device_Gyro":0.0036157367285341024,"Bias":{"Name":"Constant","Offset":[-0.0012970289516263803,0.002953572123557065,0.00350498725552335]},"Model":{"Name":"LinearGSensitivity","RectificationMatrix":[[1.0003304481506348,0.004870978649705648,-0.0005175118567422032],[-0.004131023772060871,0.9995405673980713,-0.003443994792178273],[-0.0025242504198104143,0.0005894152563996613,1.005303144454956]],"GSensitivityMatrix":[[0,0,0],[0,0,0],[0,0,0]]}},"Accelerometer":{"TimeOffsetSec_Device_Accel":0.0021834971848875284,"Bias":{"Name":"Constant","Offset":[-0.005051062142746363,-0.028474883417712323,-0.03325442496950716]},"Model":{"Name":"UpperTriagonalLinear","RectificationMatrix":[[1.0014649629592896,0.0014843191020190716,0.0010313611710444093],[0,0.9920408129692078,-0.00045088824117556214],[0,0,1.0065778493881226]]}},"T_Device_Imu":{"Translation":[0.006281175205302686,-0.10135887560212013,-0.0866920199839368],"UnitQuaternion":[0.6259079560890172,[-0.7731485948099213,-0.08287173087844618,0.060106214895994485]]},"SerialNumber":"","Label":"imu-right"},{"Calibrated":true,"Gyroscope":{"TimeOffsetSec_Device_Gyro":0.0012353562051430345,"Bias":{"Name":"Constant","Offset":[0.0019123276159924577,-0.0030621811392134097,0.006733166174297671]},"Model":{"Name":"LinearGSensitivity","RectificationMatrix":[[1.002886414527893,-0.0023975037038326263,-0.010082192718982697],[-0.0004530993464868516,1.0023852586746216,-0.00929943472146988],[0.0012675445759668946,0.00988964643329382,0.9820650815963745]],"GSensitivityMatrix":[[0,0,0],[0,0,0],[0,0,0]]}},"Accelerometer":{"TimeOffsetSec_Device_Accel":0.0003295539936516434,"Bias":{"Name":"Constant","Offset":[0.24581917685791577,0.0947902154869347,0.040712681186116505]},"Model":{"Name":"UpperTriagonalLinear","RectificationMatrix":[[0.996954083442688,-0.00015664234524592757,-0.002893240423873067],[0,0.9943320155143738,-0.008966510184109211],[0,0,1.0063331127166748]]}},"T_Device_Imu":{"Translation":[0.0007596460006978265,0.00044398016293316356,-0.005983559577848241],"UnitQuaternion":[0.02427974987162658,[-0.7018070368823661,-0.7110559753726131,0.03573201107503593]]},"SerialNumber":"","Label":"imu-left"}],"ImageSizes":[[640,480],[640,480],[1408,1408]],"CameraCalibrations":[{"Calibrated":true,"Projection":{"Params":[242.11708068847656,320.13153076171875,241.91163635253906,-0.028203224763274193,0.10392550379037857,-0.07162030041217804,0.011307119391858578,0.0016838924493640661,-0.00046278760419227183,0.0014474240597337484,0.0005256077856756747,-0.002205250784754753,0.000014416631529456936,0.00007572864706162363,0.0005642975447699428],"Description":"see FisheyeRadTanThinPrism.h","Name":"FisheyeRadTanThinPrism"},"T_Device_Camera":{"Translation":[0.0004100817157705536,0.0016744963969232557,-0.0027908874334851286],"UnitQuaternion":[0.9999894842054404,[0.004148791955360089,-0.0019474408062105358,-0.00016272109431038784]]},"SerialNumber":"0072510f1b2100050300001812090001","Label":"camera-slam-left"},{"Calibrated":true,"Projection":{"Params":[242.1449432373047,319.8503112792969,240.62332153320312,-0.026106541976332664,0.10230667889118195,-0.06913664937019348,0.007822150364518166,0.0036912725772708654,-0.000831632234621793,0.001125740702264011,0.000556834798771888,-0.001451771822758019,-0.0006111650145612657,0.00041713585960678756,0.00007681735587539151],"Description":"see FisheyeRadTanThinPrism.h","Name":"FisheyeRadTanThinPrism"},"T_Device_Camera":{"Translation":[0.006733015422092183,-0.10676758603133091,-0.08595056484180408],"UnitQuaternion":[0.7772055832969887,[0.6279204675851024,-0.00012578779711370125,0.040833220019049134]]},"SerialNumber":"0072510f1b210405050000130a0f0001","Label":"camera-slam-right"},{"TimeOffsetSec_Device_Camera":-0.002499999,"Calibrated":true,"Projection":{"Params":[609.0993041992188,714.49365234375,705.4052124023438,0.4153491258621216,-0.46660879254341125,0.0394107960164547,1.304983139038086,-1.7682749032974243,0.6525987982749939,0.00007804521010257304,0.0006019965512678027,-0.0011151430662721395,0.0006172532448545098,-0.00233874237164855,0.0016606695717200637],"Description":"see FisheyeRadTanThinPrism.h","Name":"FisheyeRadTanThinPrism"},"T_Device_Camera":{"Translation":[-0.004422292398892606,-0.013187762247850052,-0.0038855180005876594],"UnitQuaternion":[0.9411611597255661,[0.3335689602188102,0.0339853373462576,0.042336946607313145]]},"SerialNumber":"0450577b730401974401100000000000","Label":"camera-rgb"}]}
{"utc_timestamp_ns":-1,"tracking_timestamp_us":149902610,"ReadoutTimesSec":[[2,0.004999999888241291]],"ImuCalibrations":[{"Calibrated":true,"Gyroscope":{"TimeOffsetSec_Device_Gyro":0.0036157367285341024,"Bias":{"Name":"Constant","Offset":[-0.0012970289516263803,0.002953572123557065,0.00350498725552335]},"Model":{"Name":"LinearGSensitivity","RectificationMatrix":[[1.0003304481506348,0.004870978649705648,-0.0005175118567422032],[-0.004131023772060871,0.9995405673980713,-0.003443994792178273],[-0.0025242504198104143,0.0005894152563996613,1.005303144454956]],"GSensitivityMatrix":[[0,0,0],[0,0,0],[0,0,0]]}},"Accelerometer":{"TimeOffsetSec_Device_Accel":0.0021834971848875284,"Bias":{"Name":"Constant","Offset":[-0.005051062142746363,-0.028474883417712323,-0.03325442496950716]},"Model":{"Name":"UpperTriagonalLinear","RectificationMatrix":[[1.0014649629592896,0.0014843191020190716,0.0010313611710444093],[0,0.9920408129692078,-0.00045088824117556214],[0,0,1.0065778493881226]]}},"T_Device_Imu":{"Translation":[0.006281175205302686,-0.10135887560212013,-0.0866920199839368],"UnitQuaternion":[0.6259079560890172,[-0.7731485948099213,-0.08287173087844618,0.060106214895994485]]},"SerialNumber":"","Label":"imu-right"},{"Calibrated":true,"Gyroscope":{"TimeOffsetSec_Device_Gyro":0.0012353562051430345,"Bias":{"Name":"Constant","Offset":[0.0019123276159924577,-0.0030621811392134097,0.006733166174297671]},"Model":{"Name":"LinearGSensitivity","RectificationMatrix":[[1.002886414527893,-0.0023975037038326263,-0.010082192718982697],[-0.0004530993464868516,1.0023852586746216,-0.00929943472146988],[0.0012675445759668946,0.00988964643329382,0.9820650815963745]],"GSensitivityMatrix":[[0,0,0],[0,0,0],[0,0,0]]}},"Accelerometer":{"TimeOffsetSec_Device_Accel":0.0003295539936516434,"Bias":{"Name":"Constant","Offset":[0.24581917685791577,0.0947902154869347,0.040712681186116505]},"Model":{"Name":"UpperTriagonalLinear","RectificationMatrix":[[0.996954083442688,-0.00015664234524592757,-0.002893240423873067],[0,0.9943320155143738,-0.008966510184109211],[0,0,1.0063331127166748]]}},"T_Device_Imu":{"Translation":[0.0007596460006978265,0.00044398016293316356,-0.005983559577848241],"UnitQuaternion":[0.02427974987162658,[-0.7018070368823661,-0.7110559753726131,0.03573201107503593]]},"SerialNumber":"","Label":"imu-left"}],"ImageSizes":[[640,480],[640,480],[1408,1408]],"CameraCalibrations":[{"Calibrated":true,"Projection":{"Params":[242.11708068847656,320.13153076171875,241.91163635253906,-0.028203224763274193,0.10392550379037857,-0.07162030041217804,0.011307119391858578,0.0016838924493640661,-0.00046278760419227183,0.0014474240597337484,0.0005256077856756747,-0.002205250784754753,0.000014416631529456936,0.00007572864706162363,0.0005642975447699428],"Description":"see FisheyeRadTanThinPrism.h","Name":"FisheyeRadTanThinPrism"},"T_Device_Camera":{"Translation":[0.0004100817157705536,0.0016744963969232557,-0.0027908874334851286],"UnitQuaternion":[0.9999894842054404,[0.004148791955360089,-0.0019474408062105358,-0.00016272109431038784]]},"SerialNumber":"0072510f1b2100050300001812090001","Label":"camera-slam-left"},{"Calibrated":true,"Projection":{"Params":[242.1449432373047,319.8503112792969,240.62332153320312,-0.026106541976332664,0.10230667889118195,-0.06913664937019348,0.007822150364518166,0.0036912725772708654,-0.000831632234621793,0.001125740702264011,0.000556834798771888,-0.001451771822758019,-0.0006111650145612657,0.00041713585960678756,0.00007681735587539151],"Description":"see FisheyeRadTanThinPrism.h","Name":"FisheyeRadTanThinPrism"},"T_Device_Camera":{"Translation":[0.006733015422092183,-0.10676758603133091,-0.08595056484180408],"UnitQuaternion":[0.7772055832969887,[0.6279204675851024,-0.00012578779711370125,0.040833220019049134]]},"SerialNumber":"0072510f1b210405050000130a0f0001","Label":"camera-slam-right"},{"TimeOffsetSec_Device_Camera":-0.002499999,"Calibrated":true,"Projection":{"Params":[609.0993041992188,714.49365234375,705.4052124023438,0.4153491258621216,-0.46660879254341125,0.0394107960164547,1.304983139038086,-1.7682749032974243,0.6525987982749939,0.00007804521010257304,0.0006019965512678027,-0.0011151430662721395,0.0006172532448545098,-0.00233874237164855,0.0016606695717200637],"Description":"see FisheyeRadTanThinPrism.h","Name":"FisheyeRadTanThinPrism"},"T_Device_Camera":{"Translation":[-0.004422292398892606,-0.013187762247850052,-0.0038855180005876594],"UnitQuaternion":[0.9411611597255661,[0.3335689602188102,0.0339853373462576,0.042336946607313145]]},"SerialNumber":"0450577b730401974401100000000000","Label":"camera-rgb"}]}
{"utc_timestamp_ns":-1,"tracking_timestamp_us":150002610,"ReadoutTimesSec":[[2,0.004999999888241291]],"ImuCalibrations":[{"Calibrated":true,"Gyroscope":{"TimeOffsetSec_Device_Gyro":0.0036157367285341024,"Bias":{"Name":"Constant","Offset":[-0.0012970289516263803,0.002953572123557065,0.00350498725552335]},"Model":{"Name":"LinearGSensitivity","RectificationMatrix":[[1.0003304481506348,0.004870978649705648,-0.0005175118567422032],[-0.004131023772060871,0.9995405673980713,-0.003443994792178273],[-0.0025242504198104143,0.0005894152563996613,1.005303144454956]],"GSensitivityMatrix":[[0,0,0],[0,0,0],[0,0,0]]}},"Accelerometer":{"TimeOffsetSec_Device_Accel":0.0021834971848875284,"Bias":{"Name":"Constant","Offset":[-0.005051062142746363,-0.028474883417712323,-0.03325442496950716]},"Model":{"Name":"UpperTriagonalLinear","RectificationMatrix":[[1.0014649629592896,0.0014843191020190716,0.0010313611710444093],[0,0.9920408129692078,-0.00045088824117556214],[0,0,1.0065778493881226]]}},"T_Device_Imu":{"Translation":[0.006281175205302686,-0.10135887560212013,-0.0866920199839368],"UnitQuaternion":[0.6259079560890172,[-0.7731485948099213,-0.08287173087844618,0.060106214895994485]]},"SerialNumber":"","Label":"imu-right"},{"Calibrated":true,"Gyroscope":{"TimeOffsetSec_Device_Gyro":0.0012353562051430345,"Bias":{"Name":"Constant","Offset":[0.0019123276159924577,-0.0030621811392134097,0.006733166174297671]},"Model":{"Name":"LinearGSensitivity","RectificationMatrix":[[1.002886414527893,-0.0023975037038326263,-0.010082192718982697],[-0.0004530993464868516,1.0023852586746216,-0.00929943472146988],[0.0012675445759668946,0.00988964643329382,0.9820650815963745]],"GSensitivityMatrix":[[0,0,0],[0,0,0],[0,0,0]]}},"Accelerometer":{"TimeOffsetSec_Device_Accel":0.0003295539936516434,"Bias":{"Name":"Constant","Offset":[0.24581917685791577,0.0947902154869347,0.040712681186116505]},"Model":{"Name":"UpperTriagonalLinear","RectificationMatrix":[[0.996954083442688,-0.00015664234524592757,-0.002893240423873067],[0,0.9943320155143738,-0.008966510184109211],[0,0,1.0063331127166748]]}},"T_Device_Imu":{"Translation":[0.0007596460006978265,0.00044398016293316356,-0.005983559577848241],"UnitQuaternion":[0.02427974987162658,[-0.7018070368823661,-0.7110559753726131,0.03573201107503593]]},"SerialNumber":"","Label":"imu-left"}],"ImageSizes":[[640,480],[640,480],[1408,1408]],"CameraCalibrations":[{"Calibrated":true,"Projection":{"Params":[242.11708068847656,320.13153076171875,241.91163635253906,-0.028203224763274193,0.10392550379037857,-0.07162030041217804,0.011307119391858578,0.0016838924493640661,-0.00046278760419227183,0.0014474240597337484,0.0005256077856756747,-0.002205250784754753,0.000014416631529456936,0.00007572864706162363,0.0005642975447699428],"Description":"see FisheyeRadTanThinPrism.h","Name":"FisheyeRadTanThinPrism"},"T_Device_Camera":{"Translation":[0.0004100817157705536,0.0016744963969232557,-0.0027908874334851286],"UnitQuaternion":[0.9999894842054404,[0.004148791955360089,-0.0019474408062105358,-0.00016272109431038784]]},"SerialNumber":"0072510f1b2100050300001812090001","Label":"camera-slam-left"},{"Calibrated":true,"Projection":{"Params":[242.1449432373047,319.8503112792969,240.62332153320312,-0.026106541976332664,0.10230667889118195,-0.06913664937019348,0.007822150364518166,0.0036912725772708654,-0.000831632234621793,0.001125740702264011,0.000556834798771888,-0.001451771822758019,-0.0006111650145612657,0.00041713585960678756,0.00007681735587539151],"Description":"see FisheyeRadTanThinPrism.h","Name":"FisheyeRadTanThinPrism"},"T_Device_Camera":{"Translation":[0.006733015422092183,-0.10676758603133091,-0.08595056484180408],"UnitQuaternion":[0.7772055832969887,[0.6279204675851024,-0.00012578779711370125,0.040833220019049134]]},"SerialNumber":"0072510f1b210405050000130a0f0001","Label":"camera-slam-right"},{"TimeOffsetSec_Device_Camera":-0.002499999,"Calibrated":true,"Projection":{"Params":[609.0993041992188,714.49365234375,705.4052124023438,0.4153491258621216,-0.46660879254341125,0.0394107960164547,1.304983139038086,-1.7682749032974243,0.6525987982749939,0.00007804521010257304,0.0006019965512678027,-0.0011151430662721395,0.0006172532448545098,-0.00233874237164855,0.0016606695717200637],"Description":"see FisheyeRadTanThinPrism.h","Name":"FisheyeRadTanThinPrism"},"T_Device_Camera":{"Translation":[-0.004422292398892606,-0.013187762247850052,-0.0038855180005876594],"UnitQuaternion":[0.9411611597255661,[0.3335689602188102,0.0339853373462576,0.042336946607313145]]},"SerialNumber":"0450577b730401974401100000000000","Label":"camera-rgb"}]}
