{"utc_timestamp_ns":1686767221302923694,"tracking_timestamp_us":148502610,"ImuCalibrations":[{"Calibrated":true,"Gyroscope":{"TimeOffsetSec_Device_Gyro":0.00183883740101,"Bias":{"Name":"Constant","Offset":[0.001961599508225,-0.003073732909408,0.007354112951767]},"Model":{"Name":"LinearGSensitivity","RectificationMatrix":[[1.003218531608581,-0.001468844944611,-0.007957625202834],[-0.000408949854318,0.999919652938842,-0.008984420448541],[-0.000194650376215,0.00981249846518,0.980561435222625]],"GSensitivityMatrix":[[0,0,0],[0,0,0],[0,0,0]]}},"Accelerometer":{"TimeOffsetSec_Device_Accel":0.000998335774056,"Bias":{"Name":"Constant","Offset":[0.221434286143159,0.07287456622625,0.049347206604856]},"Model":{"Name":"UpperTriagonalLinear","RectificationMatrix":[[0.99776691198349,0.000309630762785,-0.000182541232788],[0,0.992124021053314,-0.009184329770505],[0,0,1.001105427742004]]}},"T_Device_Imu":{"Translation":[0.000434745174585,-0.000040392180138,-0.006413394314579],"UnitQuaternion":[0.023948255122171,[-0.701422965925179,-0.71141490939221,0.036347360891833]]},"SerialNumber":"","Label":"imu-left"},{"Calibrated":true,"Gyroscope":{"TimeOffsetSec_Device_Gyro":0.004111632239073,"Bias":{"Name":"Constant","Offset":[-0.00100731237215,0.002644687331968,0.003712988364443]},"Model":{"Name":"LinearGSensitivity","RectificationMatrix":[[1.000908493995666,0.004448754247277,-0.000376338575733],[-0.004623095039278,0.999313652515411,-0.001921640825457],[-0.001306722289882,-0.000908336194697,1.004573583602905]],"GSensitivityMatrix":[[0,0,0],[0,0,0],[0,0,0]]}},"Accelerometer":{"TimeOffsetSec_Device_Accel":0.002796906279399,"Bias":{"Name":"Constant","Offset":[-0.0087270757035,-0.034115813471997,-0.038729921960513]},"Model":{"Name":"UpperTriagonalLinear","RectificationMatrix":[[1.001019239425659,-0.000146539459819,0.000702325778547],[0,1.000897288322448,-0.002421224024146],[0,0,1.001859545707702]]}},"T_Device_Imu":{"Translation":[0.006281178386323,-0.101358864672868,-0.086692043381047],"UnitQuaternion":[0.625907968044433,[-0.773148582578658,-0.082871753071888,0.060106217131764]]},"SerialNumber":"","Label":"imu-right"}],"CameraCalibrations":[{"Calibrated":true,"Projection":{"Params":[241.746429443359375,320.628753662109375,242.64068603515625,-0.02694184333086,0.103186674416065,-0.072545729577541,0.01231786981225,0.001513113966211,-0.000479895825264,0.001933769090101,0.001900697243399,-0.003100696252658,-0.000324406602885,-0.002613446209579,0.000016337084161],"Description":"see FisheyeRadTanThinPrism.h","Name":"FisheyeRadTanThinPrism"},"T_Device_Camera":{"Translation":[0.000000000003291,0.000000000024556,-0.000000000192609],"UnitQuaternion":[1,[-4.58904836913701e-19,-1.32096155584369e-19,0]]},"SerialNumber":"0072510f1b2100050300001812090001","Label":"camera-slam-left"},{"Calibrated":true,"Projection":{"Params":[242.03497314453125,319.096771240234375,240.998748779296875,-0.026240244507789,0.100680634379386,-0.069463707506656,0.010857532732188,0.001745530636981,-0.000472591840662,0.000773021602071,0.000754639913793,-0.001682649832218,0.000092571652203,-0.000254533981205,-0.000018594642824],"Description":"see FisheyeRadTanThinPrism.h","Name":"FisheyeRadTanThinPrism"},"T_Device_Camera":{"Translation":[0.00592838378065,-0.107945153651046,-0.085453138604566],"UnitQuaternion":[0.776912769511243,[0.628343677022242,-0.001549350459298,0.039854380307449]]},"SerialNumber":"0072510f1b210405050000130a0f0001","Label":"camera-slam-right"},{"Calibrated":true,"Projection":{"Params":[1220.019438822949951,1461.091249679011071,1447.087207987354077,0.411035882200732,-0.456468282322496,0.038303075146701,1.298336637403988,-1.770471163632234,0.654993502244781,-0.000079203062637,0.000044207001233,-0.000587384169463,0.00056439365081,0.000515794638327,0.000235027249453],"Description":"see FisheyeRadTanThinPrism.h","Name":"FisheyeRadTanThinPrism"},"T_Device_Camera":{"Translation":[-0.004005868551322,-0.011869797002275,-0.004418150827837],"UnitQuaternion":[0.941575995616059,[0.332483969508643,0.03396860324855,0.041655593774964]]},"SerialNumber":"0450577b730401974401100000000000","Label":"camera-rgb"}]}
{"utc_timestamp_ns":1686767221402923694,"tracking_timestamp_us":148602610,"ImuCalibrations":[{"Calibrated":true,"Gyroscope":{"TimeOffsetSec_Device_Gyro":0.00183883740101,"Bias":{"Name":"Constant","Offset":[0.001961599508225,-0.003073732909408,0.007354112951767]},"Model":{"Name":"LinearGSensitivity","RectificationMatrix":[[1.003218531608581,-0.001468844944611,-0.007957625202834],[-0.000408949854318,0.999919652938842,-0.008984420448541],[-0.000194650376215,0.00981249846518,0.980561435222625]],"GSensitivityMatrix":[[0,0,0],[0,0,0],[0,0,0]]}},"Accelerometer":{"TimeOffsetSec_Device_Accel":0.000998335774056,"Bias":{"Name":"Constant","Offset":[0.221434286143159,0.07287456622625,0.049347206604856]},"Model":{"Name":"UpperTriagonalLinear","RectificationMatrix":[[0.99776691198349,0.000309630762785,-0.000182541232788],[0,0.992124021053314,-0.009184329770505],[0,0,1.001105427742004]]}},"T_Device_Imu":{"Translation":[0.000434745174585,-0.000040392180138,-0.006413394314579],"UnitQuaternion":[0.023948255122171,[-0.701422965925179,-0.71141490939221,0.036347360891833]]},"SerialNumber":"","Label":"imu-left"},{"Calibrated":true,"Gyroscope":{"TimeOffsetSec_Device_Gyro":0.004111632239073,"Bias":{"Name":"Constant","Offset":[-0.00100731237215,0.002644687331968,0.003712988364443]},"Model":{"Name":"LinearGSensitivity","RectificationMatrix":[[1.000908493995666,0.004448754247277,-0.000376338575733],[-0.004623095039278,0.999313652515411,-0.001921640825457],[-0.001306722289882,-0.000908336194697,1.004573583602905]],"GSensitivityMatrix":[[0,0,0],[0,0,0],[0,0,0]]}},"Accelerometer":{"TimeOffsetSec_Device_Accel":0.002796906279399,"Bias":{"Name":"Constant","Offset":[-0.0087270757035,-0.034115813471997,-0.038729921960513]},"Model":{"Name":"UpperTriagonalLinear","RectificationMatrix":[[1.001019239425659,-0.000146539459819,0.000702325778547],[0,1.000897288322448,-0.002421224024146],[0,0,1.001859545707702]]}},"T_Device_Imu":{"Translation":[0.006281178386323,-0.101358864672868,-0.086692043381047],"UnitQuaternion":[0.625907968044433,[-0.773148582578658,-0.082871753071888,0.060106217131764]]},"SerialNumber":"","Label":"imu-right"}],"CameraCalibrations":[{"Calibrated":true,"Projection":{"Params":[241.746429443359375,320.628753662109375,242.64068603515625,-0.02694184333086,0.103186674416065,-0.072545729577541,0.01231786981225,0.001513113966211,-0.000479895825264,0.001933769090101,0.001900697243399,-0.003100696252658,-0.000324406602885,-0.002613446209579,0.000016337084161],"Description":"see FisheyeRadTanThinPrism.h","Name":"FisheyeRadTanThinPrism"},"T_Device_Camera":{"Translation":[0.000000000003291,0.000000000024556,-0.000000000192609],"UnitQuaternion":[1,[-4.58904836913701e-19,-1.32096155584369e-19,0]]},"SerialNumber":"0072510f1b2100050300001812090001","Label":"camera-slam-left"},{"Calibrated":true,"Projection":{"Params":[242.03497314453125,319.096771240234375,240.998748779296875,-0.026240244507789,0.100680634379386,-0.069463707506656,0.010857532732188,0.001745530636981,-0.000472591840662,0.000773021602071,0.000754639913793,-0.001682649832218,0.000092571652203,-0.000254533981205,-0.000018594642824],"Description":"see FisheyeRadTanThinPrism.h","Name":"FisheyeRadTanThinPrism"},"T_Device_Camera":{"Translation":[0.00592838378065,-0.107945153651046,-0.085453138604566],"UnitQuaternion":[0.776912769511243,[0.628343677022242,-0.001549350459298,0.039854380307449]]},"SerialNumber":"0072510f1b210405050000130a0f0001","Label":"camera-slam-right"},{"Calibrated":true,"Projection":{"Params":[1220.019438822949951,1461.091249679011071,1447.087207987354077,0.411035882200732,-0.456468282322496,0.038303075146701,1.298336637403988,-1.770471163632234,0.654993502244781,-0.000079203062637,0.000044207001233,-0.000587384169463,0.00056439365081,0.000515794638327,0.000235027249453],"Description":"see FisheyeRadTanThinPrism.h","Name":"FisheyeRadTanThinPrism"},"T_Device_Camera":{"Translation":[-0.004005868551322,-0.011869797002275,-0.004418150827837],"UnitQuaternion":[0.941575995616059,[0.332483969508643,0.03396860324855,0.041655593774964]]},"SerialNumber":"0450577b730401974401100000000000","Label":"camera-rgb"}]}
{"utc_timestamp_ns":1686767221502923694,"tracking_timestamp_us":148702610,"ImuCalibrations":[{"Calibrated":true,"Gyroscope":{"TimeOffsetSec_Device_Gyro":0.00183883740101,"Bias":{"Name":"Constant","Offset":[0.001961599508225,-0.003073732909408,0.007354112951767]},"Model":{"Name":"LinearGSensitivity","RectificationMatrix":[[1.003218531608581,-0.001468844944611,-0.007957625202834],[-0.000408949854318,0.999919652938842,-0.008984420448541],[-0.000194650376215,0.00981249846518,0.980561435222625]],"GSensitivityMatrix":[[0,0,0],[0,0,0],[0,0,0]]}},"Accelerometer":{"TimeOffsetSec_Device_Accel":0.000998335774056,"Bias":{"Name":"Constant","Offset":[0.221434286143159,0.07287456622625,0.049347206604856]},"Model":{"Name":"UpperTriagonalLinear","RectificationMatrix":[[0.99776691198349,0.000309630762785,-0.000182541232788],[0,0.992124021053314,-0.009184329770505],[0,0,1.001105427742004]]}},"T_Device_Imu":{"Translation":[0.000434745174585,-0.000040392180138,-0.006413394314579],"UnitQuaternion":[0.023948255122171,[-0.701422965925179,-0.71141490939221,0.036347360891833]]},"SerialNumber":"","Label":"imu-left"},{"Calibrated":true,"Gyroscope":{"TimeOffsetSec_Device_Gyro":0.004111632239073,"Bias":{"Name":"Constant","Offset":[-0.00100731237215,0.002644687331968,0.003712988364443]},"Model":{"Name":"LinearGSensitivity","RectificationMatrix":[[1.000908493995666,0.004448754247277,-0.000376338575733],[-0.004623095039278,0.999313652515411,-0.001921640825457],[-0.001306722289882,-0.000908336194697,1.004573583602905]],"GSensitivityMatrix":[[0,0,0],[0,0,0],[0,0,0]]}},"Accelerometer":{"TimeOffsetSec_Device_Accel":0.002796906279399,"Bias":{"Name":"Constant","Offset":[-0.0087270757035,-0.034115813471997,-0.038729921960513]},"Model":{"Name":"UpperTriagonalLinear","RectificationMatrix":[[1.001019239425659,-0.000146539459819,0.000702325778547],[0,1.000897288322448,-0.002421224024146],[0,0,1.001859545707702]]}},"T_Device_Imu":{"Translation":[0.006281178386323,-0.101358864672868,-0.086692043381047],"UnitQuaternion":[0.625907968044433,[-0.773148582578658,-0.082871753071888,0.060106217131764]]},"SerialNumber":"","Label":"imu-right"}],"CameraCalibrations":[{"Calibrated":true,"Projection":{"Params":[241.746429443359375,320.628753662109375,242.64068603515625,-0.02694184333086,0.103186674416065,-0.072545729577541,0.01231786981225,0.001513113966211,-0.000479895825264,0.001933769090101,0.001900697243399,-0.003100696252658,-0.000324406602885,-0.002613446209579,0.000016337084161],"Description":"see FisheyeRadTanThinPrism.h","Name":"FisheyeRadTanThinPrism"},"T_Device_Camera":{"Translation":[0.000000000003291,0.000000000024556,-0.000000000192609],"UnitQuaternion":[1,[-4.58904836913701e-19,-1.32096155584369e-19,0]]},"SerialNumber":"0072510f1b2100050300001812090001","Label":"camera-slam-left"},{"Calibrated":true,"Projection":{"Params":[242.03497314453125,319.096771240234375,240.998748779296875,-0.026240244507789,0.100680634379386,-0.069463707506656,0.010857532732188,0.001745530636981,-0.000472591840662,0.000773021602071,0.000754639913793,-0.001682649832218,0.000092571652203,-0.000254533981205,-0.000018594642824],"Description":"see FisheyeRadTanThinPrism.h","Name":"FisheyeRadTanThinPrism"},"T_Device_Camera":{"Translation":[0.00592838378065,-0.107945153651046,-0.085453138604566],"UnitQuaternion":[0.776912769511243,[0.628343677022242,-0.001549350459298,0.039854380307449]]},"SerialNumber":"0072510f1b210405050000130a0f0001","Label":"camera-slam-right"},{"Calibrated":true,"Projection":{"Params":[1220.019438822949951,1461.091249679011071,1447.087207987354077,0.411035882200732,-0.456468282322496,0.038303075146701,1.298336637403988,-1.770471163632234,0.654993502244781,-0.000079203062637,0.000044207001233,-0.000587384169463,0.00056439365081,0.000515794638327,0.000235027249453],"Description":"see FisheyeRadTanThinPrism.h","Name":"FisheyeRadTanThinPrism"},"T_Device_Camera":{"Translation":[-0.004005868551322,-0.011869797002275,-0.004418150827837],"UnitQuaternion":[0.941575995616059,[0.332483969508643,0.03396860324855,0.041655593774964]]},"SerialNumber":"0450577b730401974401100000000000","Label":"camera-rgb"}]}
{"utc_timestamp_ns":1686767221602923694,"tracking_timestamp_us":148802610,"ImuCalibrations":[{"Calibrated":true,"Gyroscope":{"TimeOffsetSec_Device_Gyro":0.00183883740101,"Bias":{"Name":"Constant","Offset":[0.001961599508225,-0.003073732909408,0.007354112951767]},"Model":{"Name":"LinearGSensitivity","RectificationMatrix":[[1.003218531608581,-0.001468844944611,-0.007957625202834],[-0.000408949854318,0.999919652938842,-0.008984420448541],[-0.000194650376215,0.00981249846518,0.980561435222625]],"GSensitivityMatrix":[[0,0,0],[0,0,0],[0,0,0]]}},"Accelerometer":{"TimeOffsetSec_Device_Accel":0.000998335774056,"Bias":{"Name":"Constant","Offset":[0.221434286143159,0.07287456622625,0.049347206604856]},"Model":{"Name":"UpperTriagonalLinear","RectificationMatrix":[[0.99776691198349,0.000309630762785,-0.000182541232788],[0,0.992124021053314,-0.009184329770505],[0,0,1.001105427742004]]}},"T_Device_Imu":{"Translation":[0.000434745174585,-0.000040392180138,-0.006413394314579],"UnitQuaternion":[0.023948255122171,[-0.701422965925179,-0.71141490939221,0.036347360891833]]},"SerialNumber":"","Label":"imu-left"},{"Calibrated":true,"Gyroscope":{"TimeOffsetSec_Device_Gyro":0.004111632239073,"Bias":{"Name":"Constant","Offset":[-0.00100731237215,0.002644687331968,0.003712988364443]},"Model":{"Name":"LinearGSensitivity","RectificationMatrix":[[1.000908493995666,0.004448754247277,-0.000376338575733],[-0.004623095039278,0.999313652515411,-0.001921640825457],[-0.001306722289882,-0.000908336194697,1.004573583602905]],"GSensitivityMatrix":[[0,0,0],[0,0,0],[0,0,0]]}},"Accelerometer":{"TimeOffsetSec_Device_Accel":0.002796906279399,"Bias":{"Name":"Constant","Offset":[-0.0087270757035,-0.034115813471997,-0.038729921960513]},"Model":{"Name":"UpperTriagonalLinear","RectificationMatrix":[[1.001019239425659,-0.000146539459819,0.000702325778547],[0,1.000897288322448,-0.002421224024146],[0,0,1.001859545707702]]}},"T_Device_Imu":{"Translation":[0.006281178386323,-0.101358864672868,-0.086692043381047],"UnitQuaternion":[0.625907968044433,[-0.773148582578658,-0.082871753071888,0.060106217131764]]},"SerialNumber":"","Label":"imu-right"}],"CameraCalibrations":[{"Calibrated":true,"Projection":{"Params":[241.746429443359375,320.628753662109375,242.64068603515625,-0.02694184333086,0.103186674416065,-0.072545729577541,0.01231786981225,0.001513113966211,-0.000479895825264,0.001933769090101,0.001900697243399,-0.003100696252658,-0.000324406602885,-0.002613446209579,0.000016337084161],"Description":"see FisheyeRadTanThinPrism.h","Name":"FisheyeRadTanThinPrism"},"T_Device_Camera":{"Translation":[0.000000000003291,0.000000000024556,-0.000000000192609],"UnitQuaternion":[1,[-4.58904836913701e-19,-1.32096155584369e-19,0]]},"SerialNumber":"0072510f1b2100050300001812090001","Label":"camera-slam-left"},{"Calibrated":true,"Projection":{"Params":[242.03497314453125,319.096771240234375,240.998748779296875,-0.026240244507789,0.100680634379386,-0.069463707506656,0.010857532732188,0.001745530636981,-0.000472591840662,0.000773021602071,0.000754639913793,-0.001682649832218,0.000092571652203,-0.000254533981205,-0.000018594642824],"Description":"see FisheyeRadTanThinPrism.h","Name":"FisheyeRadTanThinPrism"},"T_Device_Camera":{"Translation":[0.00592838378065,-0.107945153651046,-0.085453138604566],"UnitQuaternion":[0.776912769511243,[0.628343677022242,-0.001549350459298,0.039854380307449]]},"SerialNumber":"0072510f1b210405050000130a0f0001","Label":"camera-slam-right"},{"Calibrated":true,"Projection":{"Params":[1220.019438822949951,1461.091249679011071,1447.087207987354077,0.411035882200732,-0.456468282322496,0.038303075146701,1.298336637403988,-1.770471163632234,0.654993502244781,-0.000079203062637,0.000044207001233,-0.000587384169463,0.00056439365081,0.000515794638327,0.000235027249453],"Description":"see FisheyeRadTanThinPrism.h","Name":"FisheyeRadTanThinPrism"},"T_Device_Camera":{"Translation":[-0.004005868551322,-0.011869797002275,-0.004418150827837],"UnitQuaternion":[0.941575995616059,[0.332483969508643,0.03396860324855,0.041655593774964]]},"SerialNumber":"0450577b730401974401100000000000","Label":"camera-rgb"}]}
{"utc_timestamp_ns":1686767221702923694,"tracking_timestamp_us":148902610,"ImuCalibrations":[{"Calibrated":true,"Gyroscope":{"TimeOffsetSec_Device_Gyro":0.00183883740101,"Bias":{"Name":"Constant","Offset":[0.001961599508225,-0.003073732909408,0.007354112951767]},"Model":{"Name":"LinearGSensitivity","RectificationMatrix":[[1.003218531608581,-0.001468844944611,-0.007957625202834],[-0.000408949854318,0.999919652938842,-0.008984420448541],[-0.000194650376215,0.00981249846518,0.980561435222625]],"GSensitivityMatrix":[[0,0,0],[0,0,0],[0,0,0]]}},"Accelerometer":{"TimeOffsetSec_Device_Accel":0.000998335774056,"Bias":{"Name":"Constant","Offset":[0.221434286143159,0.07287456622625,0.049347206604856]},"Model":{"Name":"UpperTriagonalLinear","RectificationMatrix":[[0.99776691198349,0.000309630762785,-0.000182541232788],[0,0.992124021053314,-0.009184329770505],[0,0,1.001105427742004]]}},"T_Device_Imu":{"Translation":[0.000434745174585,-0.000040392180138,-0.006413394314579],"UnitQuaternion":[0.023948255122171,[-0.701422965925179,-0.71141490939221,0.036347360891833]]},"SerialNumber":"","Label":"imu-left"},{"Calibrated":true,"Gyroscope":{"TimeOffsetSec_Device_Gyro":0.004111632239073,"Bias":{"Name":"Constant","Offset":[-0.00100731237215,0.002644687331968,0.003712988364443]},"Model":{"Name":"LinearGSensitivity","RectificationMatrix":[[1.000908493995666,0.004448754247277,-0.000376338575733],[-0.004623095039278,0.999313652515411,-0.001921640825457],[-0.001306722289882,-0.000908336194697,1.004573583602905]],"GSensitivityMatrix":[[0,0,0],[0,0,0],[0,0,0]]}},"Accelerometer":{"TimeOffsetSec_Device_Accel":0.002796906279399,"Bias":{"Name":"Constant","Offset":[-0.0087270757035,-0.034115813471997,-0.038729921960513]},"Model":{"Name":"UpperTriagonalLinear","RectificationMatrix":[[1.001019239425659,-0.000146539459819,0.000702325778547],[0,1.000897288322448,-0.002421224024146],[0,0,1.001859545707702]]}},"T_Device_Imu":{"Translation":[0.006281178386323,-0.101358864672868,-0.086692043381047],"UnitQuaternion":[0.625907968044433,[-0.773148582578658,-0.082871753071888,0.060106217131764]]},"SerialNumber":"","Label":"imu-right"}],"CameraCalibrations":[{"Calibrated":true,"Projection":{"Params":[241.746429443359375,320.628753662109375,242.64068603515625,-0.02694184333086,0.103186674416065,-0.072545729577541,0.01231786981225,0.001513113966211,-0.000479895825264,0.001933769090101,0.001900697243399,-0.003100696252658,-0.000324406602885,-0.002613446209579,0.000016337084161],"Description":"see FisheyeRadTanThinPrism.h","Name":"FisheyeRadTanThinPrism"},"T_Device_Camera":{"Translation":[0.000000000003291,0.000000000024556,-0.000000000192609],"UnitQuaternion":[1,[-4.58904836913701e-19,-1.32096155584369e-19,0]]},"SerialNumber":"0072510f1b2100050300001812090001","Label":"camera-slam-left"},{"Calibrated":true,"Projection":{"Params":[242.03497314453125,319.096771240234375,240.998748779296875,-0.026240244507789,0.100680634379386,-0.069463707506656,0.010857532732188,0.001745530636981,-0.000472591840662,0.000773021602071,0.000754639913793,-0.001682649832218,0.000092571652203,-0.000254533981205,-0.000018594642824],"Description":"see FisheyeRadTanThinPrism.h","Name":"FisheyeRadTanThinPrism"},"T_Device_Camera":{"Translation":[0.00592838378065,-0.107945153651046,-0.085453138604566],"UnitQuaternion":[0.776912769511243,[0.628343677022242,-0.001549350459298,0.039854380307449]]},"SerialNumber":"0072510f1b210405050000130a0f0001","Label":"camera-slam-right"},{"Calibrated":true,"Projection":{"Params":[1220.019438822949951,1461.091249679011071,1447.087207987354077,0.411035882200732,-0.456468282322496,0.038303075146701,1.298336637403988,-1.770471163632234,0.654993502244781,-0.000079203062637,0.000044207001233,-0.000587384169463,0.00056439365081,0.000515794638327,0.000235027249453],"Description":"see FisheyeRadTanThinPrism.h","Name":"FisheyeRadTanThinPrism"},"T_Device_Camera":{"Translation":[-0.004005868551322,-0.011869797002275,-0.004418150827837],"UnitQuaternion":[0.941575995616059,[0.332483969508643,0.03396860324855,0.041655593774964]]},"SerialNumber":"0450577b730401974401100000000000","Label":"camera-rgb"}]}
{"utc_timestamp_ns":1686767221802923694,"tracking_timestamp_us":149002610,"ImuCalibrations":[{"Calibrated":true,"Gyroscope":{"TimeOffsetSec_Device_Gyro":0.00183883740101,"Bias":{"Name":"Constant","Offset":[0.001961599508225,-0.003073732909408,0.007354112951767]},"Model":{"Name":"LinearGSensitivity","RectificationMatrix":[[1.003218531608581,-0.001468844944611,-0.007957625202834],[-0.000408949854318,0.999919652938842,-0.008984420448541],[-0.000194650376215,0.00981249846518,0.980561435222625]],"GSensitivityMatrix":[[0,0,0],[0,0,0],[0,0,0]]}},"Accelerometer":{"TimeOffsetSec_Device_Accel":0.000998335774056,"Bias":{"Name":"Constant","Offset":[0.221434286143159,0.07287456622625,0.049347206604856]},"Model":{"Name":"UpperTriagonalLinear","RectificationMatrix":[[0.99776691198349,0.000309630762785,-0.000182541232788],[0,0.992124021053314,-0.009184329770505],[0,0,1.001105427742004]]}},"T_Device_Imu":{"Translation":[0.000434745174585,-0.000040392180138,-0.006413394314579],"UnitQuaternion":[0.023948255122171,[-0.701422965925179,-0.71141490939221,0.036347360891833]]},"SerialNumber":"","Label":"imu-left"},{"Calibrated":true,"Gyroscope":{"TimeOffsetSec_Device_Gyro":0.004111632239073,"Bias":{"Name":"Constant","Offset":[-0.00100731237215,0.002644687331968,0.003712988364443]},"Model":{"Name":"LinearGSensitivity","RectificationMatrix":[[1.000908493995666,0.004448754247277,-0.000376338575733],[-0.004623095039278,0.999313652515411,-0.001921640825457],[-0.001306722289882,-0.000908336194697,1.004573583602905]],"GSensitivityMatrix":[[0,0,0],[0,0,0],[0,0,0]]}},"Accelerometer":{"TimeOffsetSec_Device_Accel":0.002796906279399,"Bias":{"Name":"Constant","Offset":[-0.0087270757035,-0.034115813471997,-0.038729921960513]},"Model":{"Name":"UpperTriagonalLinear","RectificationMatrix":[[1.001019239425659,-0.000146539459819,0.000702325778547],[0,1.000897288322448,-0.002421224024146],[0,0,1.001859545707702]]}},"T_Device_Imu":{"Translation":[0.006281178386323,-0.101358864672868,-0.086692043381047],"UnitQuaternion":[0.625907968044433,[-0.773148582578658,-0.082871753071888,0.060106217131764]]},"SerialNumber":"","Label":"imu-right"}],"CameraCalibrations":[{"Calibrated":true,"Projection":{"Params":[241.746429443359375,320.628753662109375,242.64068603515625,-0.02694184333086,0.103186674416065,-0.072545729577541,0.01231786981225,0.001513113966211,-0.000479895825264,0.001933769090101,0.001900697243399,-0.003100696252658,-0.000324406602885,-0.002613446209579,0.000016337084161],"Description":"see FisheyeRadTanThinPrism.h","Name":"FisheyeRadTanThinPrism"},"T_Device_Camera":{"Translation":[0.000000000003291,0.000000000024556,-0.000000000192609],"UnitQuaternion":[1,[-4.58904836913701e-19,-1.32096155584369e-19,0]]},"SerialNumber":"0072510f1b2100050300001812090001","Label":"camera-slam-left"},{"Calibrated":true,"Projection":{"Params":[242.03497314453125,319.096771240234375,240.998748779296875,-0.026240244507789,0.100680634379386,-0.069463707506656,0.010857532732188,0.001745530636981,-0.000472591840662,0.000773021602071,0.000754639913793,-0.001682649832218,0.000092571652203,-0.000254533981205,-0.000018594642824],"Description":"see FisheyeRadTanThinPrism.h","Name":"FisheyeRadTanThinPrism"},"T_Device_Camera":{"Translation":[0.00592838378065,-0.107945153651046,-0.085453138604566],"UnitQuaternion":[0.776912769511243,[0.628343677022242,-0.001549350459298,0.039854380307449]]},"SerialNumber":"0072510f1b210405050000130a0f0001","Label":"camera-slam-right"},{"Calibrated":true,"Projection":{"Params":[1220.019438822949951,1461.091249679011071,1447.087207987354077,0.411035882200732,-0.456468282322496,0.038303075146701,1.298336637403988,-1.770471163632234,0.654993502244781,-0.000079203062637,0.000044207001233,-0.000587384169463,0.00056439365081,0.000515794638327,0.000235027249453],"Description":"see FisheyeRadTanThinPrism.h","Name":"FisheyeRadTanThinPrism"},"T_Device_Camera":{"Translation":[-0.004005868551322,-0.011869797002275,-0.004418150827837],"UnitQuaternion":[0.941575995616059,[0.332483969508643,0.03396860324855,0.041655593774964]]},"SerialNumber":"0450577b730401974401100000000000","Label":"camera-rgb"}]}
{"utc_timestamp_ns":1686767221902923694,"tracking_timestamp_us":149102610,"ImuCalibrations":[{"Calibrated":true,"Gyroscope":{"TimeOffsetSec_Device_Gyro":0.00183883740101,"Bias":{"Name":"Constant","Offset":[0.001961599508225,-0.003073732909408,0.007354112951767]},"Model":{"Name":"LinearGSensitivity","RectificationMatrix":[[1.003218531608581,-0.001468844944611,-0.007957625202834],[-0.000408949854318,0.999919652938842,-0.008984420448541],[-0.000194650376215,0.00981249846518,0.980561435222625]],"GSensitivityMatrix":[[0,0,0],[0,0,0],[0,0,0]]}},"Accelerometer":{"TimeOffsetSec_Device_Accel":0.000998335774056,"Bias":{"Name":"Constant","Offset":[0.221434286143159,0.07287456622625,0.049347206604856]},"Model":{"Name":"UpperTriagonalLinear","RectificationMatrix":[[0.99776691198349,0.000309630762785,-0.000182541232788],[0,0.992124021053314,-0.009184329770505],[0,0,1.001105427742004]]}},"T_Device_Imu":{"Translation":[0.000434745174585,-0.000040392180138,-0.006413394314579],"UnitQuaternion":[0.023948255122171,[-0.701422965925179,-0.71141490939221,0.036347360891833]]},"SerialNumber":"","Label":"imu-left"},{"Calibrated":true,"Gyroscope":{"TimeOffsetSec_Device_Gyro":0.004111632239073,"Bias":{"Name":"Constant","Offset":[-0.00100731237215,0.002644687331968,0.003712988364443]},"Model":{"Name":"LinearGSensitivity","RectificationMatrix":[[1.000908493995666,0.004448754247277,-0.000376338575733],[-0.004623095039278,0.999313652515411,-0.001921640825457],[-0.001306722289882,-0.000908336194697,1.004573583602905]],"GSensitivityMatrix":[[0,0,0],[0,0,0],[0,0,0]]}},"Accelerometer":{"TimeOffsetSec_Device_Accel":0.002796906279399,"Bias":{"Name":"Constant","Offset":[-0.0087270757035,-0.034115813471997,-0.038729921960513]},"Model":{"Name":"UpperTriagonalLinear","RectificationMatrix":[[1.001019239425659,-0.000146539459819,0.000702325778547],[0,1.000897288322448,-0.002421224024146],[0,0,1.001859545707702]]}},"T_Device_Imu":{"Translation":[0.006281178386323,-0.101358864672868,-0.086692043381047],"UnitQuaternion":[0.625907968044433,[-0.773148582578658,-0.082871753071888,0.060106217131764]]},"SerialNumber":"","Label":"imu-right"}],"CameraCalibrations":[{"Calibrated":true,"Projection":{"Params":[241.746429443359375,320.628753662109375,242.64068603515625,-0.02694184333086,0.103186674416065,-0.072545729577541,0.01231786981225,0.001513113966211,-0.000479895825264,0.001933769090101,0.001900697243399,-0.003100696252658,-0.000324406602885,-0.002613446209579,0.000016337084161],"Description":"see FisheyeRadTanThinPrism.h","Name":"FisheyeRadTanThinPrism"},"T_Device_Camera":{"Translation":[0.000000000003291,0.000000000024556,-0.000000000192609],"UnitQuaternion":[1,[-4.58904836913701e-19,-1.32096155584369e-19,0]]},"SerialNumber":"0072510f1b2100050300001812090001","Label":"camera-slam-left"},{"Calibrated":true,"Projection":{"Params":[242.03497314453125,319.096771240234375,240.998748779296875,-0.026240244507789,0.100680634379386,-0.069463707506656,0.010857532732188,0.001745530636981,-0.000472591840662,0.000773021602071,0.000754639913793,-0.001682649832218,0.000092571652203,-0.000254533981205,-0.000018594642824],"Description":"see FisheyeRadTanThinPrism.h","Name":"FisheyeRadTanThinPrism"},"T_Device_Camera":{"Translation":[0.00592838378065,-0.107945153651046,-0.085453138604566],"UnitQuaternion":[0.776912769511243,[0.628343677022242,-0.001549350459298,0.039854380307449]]},"SerialNumber":"0072510f1b210405050000130a0f0001","Label":"camera-slam-right"},{"Calibrated":true,"Projection":{"Params":[1220.019438822949951,1461.091249679011071,1447.087207987354077,0.411035882200732,-0.456468282322496,0.038303075146701,1.298336637403988,-1.770471163632234,0.654993502244781,-0.000079203062637,0.000044207001233,-0.000587384169463,0.00056439365081,0.000515794638327,0.000235027249453],"Description":"see FisheyeRadTanThinPrism.h","Name":"FisheyeRadTanThinPrism"},"T_Device_Camera":{"Translation":[-0.004005868551322,-0.011869797002275,-0.004418150827837],"UnitQuaternion":[0.941575995616059,[0.332483969508643,0.03396860324855,0.041655593774964]]},"SerialNumber":"0450577b730401974401100000000000","Label":"camera-rgb"}]}
{"utc_timestamp_ns":1686767222002923694,"tracking_timestamp_us":149202610,"ImuCalibrations":[{"Calibrated":true,"Gyroscope":{"TimeOffsetSec_Device_Gyro":0.000972287729382,"Bias":{"Name":"Constant","Offset":[0.002433294586175,-0.002916113421345,0.006638725332103]},"Model":{"Name":"LinearGSensitivity","RectificationMatrix":[[1.003135442733764,-0.000991842593066,-0.008289042860269],[-0.001077463617548,0.999961793422699,-0.009219067171216],[0.000073594135756,0.008802860975265,0.980671525001525]],"GSensitivityMatrix":[[0,0,0],[0,0,0],[0,0,0]]}},"Accelerometer":{"TimeOffsetSec_Device_Accel":-0.000160172610776,"Bias":{"Name":"Constant","Offset":[0.221599661440237,0.081499320449121,0.041186557769498]},"Model":{"Name":"UpperTriagonalLinear","RectificationMatrix":[[0.997690200805664,0.000168268583365,-0.000035867655242],[0,0.992051124572753,-0.009270069189369],[0,0,1.00115418434143]]}},"T_Device_Imu":{"Translation":[0.000434745174585,-0.000040392180138,-0.006413394314579],"UnitQuaternion":[0.023948255122171,[-0.701422965925179,-0.71141490939221,0.036347360891833]]},"SerialNumber":"","Label":"imu-left"},{"Calibrated":true,"Gyroscope":{"TimeOffsetSec_Device_Gyro":0.00335993268527,"Bias":{"Name":"Constant","Offset":[-0.000935927748939,0.002120627753141,0.003673534870509]},"Model":{"Name":"LinearGSensitivity","RectificationMatrix":[[1.000857591629028,0.004800914786756,0.000024641800337],[-0.0029970461037,0.999230504035949,-0.003085537347942],[-0.001375850639306,-0.000554557424038,1.004609107971191]],"GSensitivityMatrix":[[0,0,0],[0,0,0],[0,0,0]]}},"Accelerometer":{"TimeOffsetSec_Device_Accel":0.001771588460542,"Bias":{"Name":"Constant","Offset":[-0.00530864236858,-0.02458949436182,-0.037563129210051]},"Model":{"Name":"UpperTriagonalLinear","RectificationMatrix":[[1.000972986221313,0.000024088800273,0.000780885107815],[0,1.000817894935608,-0.001676072832196],[0,0,1.001975774765014]]}},"T_Device_Imu":{"Translation":[0.006319009714191,-0.101124760758156,-0.086737130490157],"UnitQuaternion":[0.625932998315323,[-0.77311056077061,-0.08295489389875,0.060219830813357]]},"SerialNumber":"","Label":"imu-right"}],"CameraCalibrations":[{"Calibrated":true,"Projection":{"Params":[242.201522827148438,321.007354736328125,243.31854248046875,-0.027146257460117,0.103092826902866,-0.072481893002986,0.012458023615181,0.001595398876816,-0.000606584653723,0.00074436905561,0.002657030709087,-0.003576261224225,0.001566017977893,-0.002200029091909,0.000221512644202],"Description":"see FisheyeRadTanThinPrism.h","Name":"FisheyeRadTanThinPrism"},"T_Device_Camera":{"Translation":[0.000007414950701,-0.000001304621506,-0.000008079971215],"UnitQuaternion":[0.99999985971195,[0.000470639547228,0.000224066114127,0.000094174694678]]},"SerialNumber":"0072510f1b2100050300001812090001","Label":"camera-slam-left"},{"Calibrated":true,"Projection":{"Params":[241.424026489257812,318.25433349609375,240.846420288085938,-0.025923570618033,0.101133592426776,-0.068985320627689,0.011304589919745,0.002029085997492,-0.000725937192328,0.000692253466695,-0.000520718574989,-0.001507290056906,-0.000252249184995,-0.000275502941804,-0.000881608459167],"Description":"see FisheyeRadTanThinPrism.h","Name":"FisheyeRadTanThinPrism"},"T_Device_Camera":{"Translation":[0.004878492451285,-0.108057338606243,-0.085443824905518],"UnitQuaternion":[0.777055766610171,[0.628227628822425,-0.003172220657465,0.038785551151581]]},"SerialNumber":"0072510f1b210405050000130a0f0001","Label":"camera-slam-right"},{"Calibrated":true,"Projection":{"Params":[1220.019438822949951,1461.091249679011071,1447.087207987354077,0.411035882200732,-0.456468282322496,0.038303075146701,1.298336637403988,-1.770471163632234,0.654993502244781,-0.000079203062637,0.000044207001233,-0.000587384169463,0.00056439365081,0.000515794638327,0.000235027249453],"Description":"see FisheyeRadTanThinPrism.h","Name":"FisheyeRadTanThinPrism"},"T_Device_Camera":{"Translation":[-0.004005868551322,-0.011869797002275,-0.004418150827837],"UnitQuaternion":[0.941575995616059,[0.332483969508643,0.03396860324855,0.041655593774964]]},"SerialNumber":"0450577b730401974401100000000000","Label":"camera-rgb"}]}
{"utc_timestamp_ns":1686767222102923694,"tracking_timestamp_us":149302610,"ImuCalibrations":[{"Calibrated":true,"Gyroscope":{"TimeOffsetSec_Device_Gyro":0.001283445162698,"Bias":{"Name":"Constant","Offset":[0.002353085659511,-0.002942078454212,0.006623379286244]},"Model":{"Name":"LinearGSensitivity","RectificationMatrix":[[1.003129839897155,-0.000891965639311,-0.008113679476082],[-0.001008573919534,0.999929368495941,-0.008936159312725],[0.000188155550858,0.009520257823169,0.980449259281158]],"GSensitivityMatrix":[[0,0,0],[0,0,0],[0,0,0]]}},"Accelerometer":{"TimeOffsetSec_Device_Accel":0.000015425655874,"Bias":{"Name":"Constant","Offset":[0.222358363346068,0.084642705595661,0.041260731854616]},"Model":{"Name":"UpperTriagonalLinear","RectificationMatrix":[[0.997673869132995,0.000250072072958,0.000035170793125],[0,0.992020785808563,-0.00921688042581],[0,0,1.001162767410278]]}},"T_Device_Imu":{"Translation":[0.000434745174585,-0.000040392180138,-0.006413394314579],"UnitQuaternion":[0.023948255122171,[-0.701422965925179,-0.71141490939221,0.036347360891833]]},"SerialNumber":"","Label":"imu-left"},{"Calibrated":true,"Gyroscope":{"TimeOffsetSec_Device_Gyro":0.003618974005803,"Bias":{"Name":"Constant","Offset":[-0.0009959928537,0.002202399276272,0.003623392254776]},"Model":{"Name":"LinearGSensitivity","RectificationMatrix":[[1.000858664512634,0.004734395071864,0.000115962306153],[-0.003577090799808,0.999390065670013,-0.002787771401926],[-0.001508187502622,-0.000024934935936,1.004618644714355]],"GSensitivityMatrix":[[0,0,0],[0,0,0],[0,0,0]]}},"Accelerometer":{"TimeOffsetSec_Device_Accel":0.002003396395593,"Bias":{"Name":"Constant","Offset":[-0.002090595144053,-0.025201317122189,-0.03957833927257]},"Model":{"Name":"UpperTriagonalLinear","RectificationMatrix":[[1.000938296318054,0.000091905261797,0.00069950078614],[0,1.00081467628479,-0.001558445161208],[0,0,1.002001881599426]]}},"T_Device_Imu":{"Translation":[0.006319009714191,-0.101124760758156,-0.086737130490157],"UnitQuaternion":[0.625932998315323,[-0.77311056077061,-0.08295489389875,0.060219830813357]]},"SerialNumber":"","Label":"imu-right"}],"CameraCalibrations":[{"Calibrated":true,"Projection":{"Params":[242.201522827148438,321.007354736328125,243.31854248046875,-0.027146257460117,0.103092826902866,-0.072481893002986,0.012458023615181,0.001595398876816,-0.000606584653723,0.00074436905561,0.002657030709087,-0.003576261224225,0.001566017977893,-0.002200029091909,0.000221512644202],"Description":"see FisheyeRadTanThinPrism.h","Name":"FisheyeRadTanThinPrism"},"T_Device_Camera":{"Translation":[0.000007414950701,-0.000001304621506,-0.000008079971215],"UnitQuaternion":[0.99999985971195,[0.000470639547228,0.000224066114127,0.000094174694678]]},"SerialNumber":"0072510f1b2100050300001812090001","Label":"camera-slam-left"},{"Calibrated":true,"Projection":{"Params":[241.424026489257812,318.25433349609375,240.846420288085938,-0.025923570618033,0.101133592426776,-0.068985320627689,0.011304589919745,0.002029085997492,-0.000725937192328,0.000692253466695,-0.000520718574989,-0.001507290056906,-0.000252249184995,-0.000275502941804,-0.000881608459167],"Description":"see FisheyeRadTanThinPrism.h","Name":"FisheyeRadTanThinPrism"},"T_Device_Camera":{"Translation":[0.004878514236453,-0.108057332442218,-0.085443832105417],"UnitQuaternion":[0.777055741730159,[0.628227654590137,-0.003172219519991,0.038785632335764]]},"SerialNumber":"0072510f1b210405050000130a0f0001","Label":"camera-slam-right"},{"Calibrated":true,"Projection":{"Params":[1220.019438822949951,1461.091249679011071,1447.087207987354077,0.411035882200732,-0.456468282322496,0.038303075146701,1.298336637403988,-1.770471163632234,0.654993502244781,-0.000079203062637,0.000044207001233,-0.000587384169463,0.00056439365081,0.000515794638327,0.000235027249453],"Description":"see FisheyeRadTanThinPrism.h","Name":"FisheyeRadTanThinPrism"},"T_Device_Camera":{"Translation":[-0.004005868551322,-0.011869797002275,-0.004418150827837],"UnitQuaternion":[0.941575995616059,[0.332483969508643,0.03396860324855,0.041655593774964]]},"SerialNumber":"0450577b730401974401100000000000","Label":"camera-rgb"}]}
